65 1 170.76 49.50 278.89 157.63 
65 2 655.48 85.45 749.48 179.45 
65 3 769.23 30.55 856.88 118.19 
65 4 412.69 43.22 506.69 137.23 
66 1 170.76 49.50 278.89 157.63 
66 2 660.89 89.64 748.54 177.28 
66 3 769.23 30.55 856.88 118.19 
66 4 423.72 56.14 505.43 137.84 
66 5 510.12 80.20 610.94 181.02 
67 1 170.76 49.50 278.89 157.63 
67 2 660.89 89.64 748.54 177.28 
67 3 769.23 30.55 856.88 118.19 
67 4 412.69 43.23 506.69 137.23 
67 5 510.12 80.20 610.94 181.02 
68 1 170.76 49.50 278.89 157.63 
68 2 660.89 89.64 748.54 177.28 
68 3 769.23 30.55 856.88 118.19 
68 4 410.88 41.11 506.90 137.13 
68 5 510.12 80.20 610.94 181.02 
69 1 162.68 55.23 265.62 158.17 
69 2 658.27 82.93 755.27 179.94 
69 3 769.23 30.55 856.88 118.19 
69 4 410.58 40.76 506.93 137.11 
69 5 510.12 80.20 610.94 181.02 
70 1 159.30 57.63 260.07 158.40 
70 2 656.10 83.39 752.78 180.07 
70 3 769.23 30.55 856.88 118.19 
70 4 410.68 40.87 506.92 137.12 
70 5 510.12 80.20 610.94 181.02 
71 1 157.41 60.96 261.35 164.90 
71 2 655.09 83.80 751.36 180.07 
71 3 769.23 30.55 856.88 118.19 
71 4 410.92 41.16 506.89 137.13 
71 5 510.12 80.20 610.94 181.02 
72 1 157.04 66.43 259.09 168.48 
72 2 657.50 86.38 749.99 178.86 
72 3 769.23 30.55 856.88 118.19 
72 4 411.23 41.52 506.86 137.15 
72 5 510.12 80.20 610.94 181.02 
73 1 157.14 69.43 258.11 170.39 
73 2 656.37 85.92 749.61 179.17 
73 3 769.23 30.55 856.88 118.19 
73 4 411.55 41.90 506.82 137.17 
73 5 510.12 80.20 610.94 181.02 
